Melhor tempo: 4829268 
9993 
1 
4 
6 
47 
50 
54 
63 
73 
89 
101 
104 
126 
135 
141 
144 
160 
163 
173 
177 
181 
189 
190 
194 
207 
210 
211 
221 
224 
243 
244 
246 
248 
263 
267 
268 
289 
299 
326 
328 
332 
334 
369 
384 
390 
395 
397 
404 
408 
410 
415 
418 
437 
450 
462 
463 
490 
491 
496 
525 
536 
550 
554 
567 
574 
579 
600 
633 
643 
649 
665 
680 
716 
717 
718 
730 
745 
749 
752 
756 
757 
768 
787 
798 
801 
806 
807 
816 
832 
836 
838 
844 
849 
851 
854 
856 
859 
864 
868 
892 
893 
925 
926 
945 
948 
955 
971 
973 
974 
978 
983 
1011 
1012 
1018 
1028 
1031 
1033 
1039 
1070 
1081 
1091 
1097 
1099 
1100 
1101 
1152 
1164 
1177 
1186 
1187 
1194 
1198 
1215 
1221 
1225 
1227 
1235 
1238 
1239 
1243 
1246 
1248 
1256 
1271 
1280 
1283 
1290 
1300 
1305 
1306 
1307 
1339 
1344 
1356 
1360 
1396 
1418 
1428 
1443 
1445 
1447 
1452 
1456 
1461 
1465 
1469 
1470 
1481 
1486 
1493 
1497 
1508 
1521 
1534 
1544 
1545 
1546 
1584 
1585 
1588 
1606 
1611 
1626 
1641 
1645 
1647 
1666 
1672 
1683 
1687 
1701 
1712 
1717 
1718 
1721 
1724 
1742 
1756 
1758 
1767 
1774 
1810 
1818 
1844 
1854 
1860 
1864 
1865 
1873 
1887 
1896 
1909 
1914 
1921 
1930 
1939 
1951 
1963 
1991 
2004 
2020 
2032 
2055 
2059 
2083 
2090 
2093 
2102 
2111 
2119 
2125 
2127 
2128 
2136 
2142 
2158 
2167 
2190 
2194 
2195 
2201 
2209 
2212 
2222 
2232 
2238 
2246 
2255 
2260 
2266 
2283 
2293 
2302 
2314 
2320 
2327 
2348 
2351 
2373 
2393 
2404 
2421 
2425 
2435 
2465 
2501 
2505 
2510 
2514 
2521 
2554 
2558 
2578 
2580 
2581 
2589 
2602 
2606 
2609 
2610 
2620 
2621 
2630 
2631 
2635 
2636 
2638 
2641 
2642 
2643 
2664 
2672 
2692 
2705 
2719 
2741 
2748 
2749 
2752 
2795 
2831 
2834 
2839 
2855 
2877 
2898 
2900 
2903 
2912 
2918 
2919 
2941 
2961 
2964 
2987 
2994 
2998 
3005 
3019 
3020 
3024 
3029 
3064 
3073 
3081 
3094 
3105 
3111 
3112 
3122 
3129 
3143 
3159 
3169 
3171 
3172 
3180 
3203 
3211 
3218 
3226 
3233 
3240 
3253 
3254 
3258 
3263 
3279 
3299 
3300 
3302 
3306 
3315 
3323 
3325 
3330 
3331 
3340 
3352 
3356 
3361 
3367 
3369 
3381 
3387 
3403 
3404 
3406 
3407 
3411 
3424 
3427 
3434 
3439 
3449 
3453 
3465 
3476 
3513 
3518 
3521 
3525 
3548 
3560 
3576 
3584 
3588 
3607 
3622 
3632 
3675 
3689 
3691 
3693 
3704 
3729 
3733 
3749 
3758 
3764 
3794 
3801 
3808 
3821 
3824 
3834 
3836 
3851 
3863 
3866 
3879 
3903 
3910 
3913 
3924 
3948 
3949 
3951 
3952 
3957 
3960 
3968 
3973 
3979 
4017 
4035 
4043 
4050 
4061 
4064 
4083 
4087 
4096 
4097 
4099 
4106 
4120 
4122 
4126 
4138 
4143 
4149 
4166 
4176 
4177 
4178 
4187 
4195 
4207 
4221 
4222 
4249 
4256 
4259 
4261 
4264 
4266 
4281 
4290 
4300 
4310 
4317 
4336 
4337 
4354 
4356 
4367 
4374 
4376 
4379 
4386 
4406 
4417 
4426 
4429 
4449 
4455 
4461 
4472 
4477 
4488 
4505 
4515 
4527 
4547 
4549 
4557 
4591 
4603 
4609 
4616 
4618 
4627 
4629 
4640 
4654 
4668 
4671 
4676 
4678 
4681 
4688 
4706 
4710 
4745 
4746 
4760 
4761 
4769 
4812 
4839 
4848 
4858 
4868 
4874 
4875 
4878 
4880 
4884 
4890 
4895 
4903 
4913 
4923 
4930 
4932 
4941 
4947 
4949 
4988 
5024 
5025 
5027 
5046 
5048 
5053 
5058 
5071 
5089 
5091 
5095 
5100 
5102 
5138 
5155 
5162 
5185 
5197 
5209 
5228 
5268 
5279 
5297 
5299 
5302 
5303 
5307 
5315 
5319 
5322 
5324 
5335 
5339 
5340 
5369 
5371 
5372 
5385 
5425 
5427 
5433 
5450 
5452 
5458 
5468 
5476 
5510 
5511 
5523 
5538 
5552 
5553 
5554 
5563 
5579 
5584 
5586 
5588 
5596 
5602 
5604 
5605 
5632 
5637 
5638 
5643 
5657 
5660 
5662 
5687 
5688 
5689 
5702 
5716 
5717 
5722 
5729 
5732 
5734 
5742 
5789 
5790 
5820 
5824 
5825 
5826 
5834 
5845 
5850 
5864 
5870 
5875 
5878 
5888 
5922 
5925 
5950 
5984 
5989 
5993 
5994 
5998 
5999 
6007 
6016 
6035 
6062 
6069 
6074 
6098 
6101 
6116 
6118 
6128 
6129 
6134 
6138 
6144 
6161 
6162 
6186 
6192 
6193 
6219 
6233 
6235 
6248 
6276 
6283 
6285 
6306 
6309 
6342 
6349 
6363 
6364 
6377 
6391 
6392 
6395 
6403 
6407 
6410 
6417 
6431 
6437 
6441 
6449 
6461 
6468 
6471 
6477 
6498 
6542 
6553 
6572 
6576 
6579 
6583 
6653 
6673 
6684 
6697 
6705 
6709 
6711 
6718 
6723 
6726 
6730 
6733 
6738 
6739 
6741 
6775 
6793 
6818 
6857 
6865 
6884 
6889 
6928 
7159 
9972 
9996

Tempo moto 2: 4829267 
6930 
6937 
6953 
6974 
6985 
6993 
7005 
7019 
7024 
7026 
7050 
7053 
7056 
7072 
7090 
7104 
7109 
7132 
7138 
7141 
7143 
7147 
7150 
7181 
7197 
7210 
7230 
7231 
7240 
7246 
7270 
7303 
7306 
7310 
7312 
7324 
7326 
7329 
7336 
7342 
7349 
7364 
7365 
7394 
7406 
7407 
7428 
7438 
7445 
7458 
7484 
7525 
7530 
7575 
7593 
7605 
7606 
7630 
7633 
7647 
7652 
7656 
7658 
7691 
7693 
7702 
7703 
7707 
7708 
7719 
7726 
7736 
7747 
7753 
7777 
7792 
7800 
7807 
7808 
7835 
7837 
7844 
7858 
7874 
7877 
7888 
7897 
7898 
7920 
7927 
7930 
7946 
7959 
7964 
7977 
7980 
7993 
8000 
8027 
8046 
8053 
8070 
8084 
8092 
8093 
8127 
8139 
8142 
8175 
8184 
8187 
8198 
8203 
8208 
8209 
8241 
8254 
8255 
8257 
8259 
8261 
8293 
8308 
8329 
8394 
8396 
8402 
8431 
8432 
8437 
8440 
8455 
8459 
8464 
8467 
8480 
8490 
8491 
8502 
8533 
8540 
8544 
8549 
8560 
8568 
8575 
8614 
8622 
8625 
8631 
8637 
8654 
8657 
8678 
8694 
8695 
8705 
8719 
8720 
8746 
8747 
8749 
8750 
8753 
8770 
8780 
8786 
8790 
8804 
8809 
8810 
8824 
8828 
8830 
8834 
8854 
8860 
8869 
8873 
8876 
8887 
8888 
8902 
8916 
8955 
8967 
8969 
8973 
8977 
8986 
9013 
9016 
9017 
9036 
9038 
9039 
9045 
9047 
9061 
9080 
9082 
9089 
9098 
9112 
9137 
9142 
9145 
9159 
9169 
9179 
9190 
9193 
9195 
9213 
9230 
9235 
9236 
9261 
9265 
9276 
9279 
9313 
9315 
9317 
9333 
9339 
9371 
9381 
9401 
9403 
9404 
9426 
9442 
9445 
9448 
9456 
9459 
9462 
9467 
9468 
9472 
9473 
9495 
9498 
9513 
9516 
9529 
9540 
9542 
9559 
9572 
9582 
9608 
9620 
9659 
9666 
9679 
9682 
9694 
9721 
9753 
9759 
9761 
9782 
9789 
9795 
9804 
9808 
9811 
9812 
9815 
9825 
9886 
9902 
9908 
9912 
9918 
9936 
9943 
9947 
9948 
9961 
9975 
9978 
9995