177 
6391 
2609 
4557 
8093 
9230 
1028 
5138 
1194 
207 
3064 
5563 
8747 
8750 
7747 
248 
6144 
4426 
4591 
838 
8749 
2795 
5602 
246 
3808 
8657 
3424 
9886 
7407 
2912 
8977 
864 
5185 
9993 
395 
2831 
3560 
3233 
5024 
3632 
101 
756 
3203 
3381 
404 
6583 
4376 
4941 
9972 
9169 
7270 
5717 
3913 
1818 
5523 
6193 
6738 
104 
8810 
7656 
2348 
4461 
3548 
2393 
4848 
5732 
567 
3476 
1461 
1 
2222 
3704 
1243 
5825 
5302 
1481 
8770 
5826 
1012 
4895 
8888 
4676 
3180 
3369 
6186 
3019 
7090 
1215 
9759 
536 
5385 
9265 
7605 
768 
1508 
7329 
2059 
9236 
6016 
8705 
2404 
971 
9782 
633 
4317 
643 
9089 
7072 
8255 
2672 
7312 
1456 
1031 
1724 
3794 
181 
6741 
2630 
2752 
5025 
9825 
8402 
8293 
1307 
849 
9529 
390 
5027 
5637 
8254 
210 
9789 
1626 
2941 
1396 
4868 
2327 
9213 
7808 
7406 
462 
7365 
4310 
2642 
3521 
3020 
8070 
1641 
9315 
816 
2293 
141 
1672 
6653 
4043 
126 
7324 
1097 
5297 
4477 
5299 
1443 
8467 
6673 
8622 
1687 
579 
2998 
7132 
7231 
1896 
7349 
6342 
4386 
496 
4300 
8790 
5888 
8637 
54 
8175 
5155 
7230 
2839 
1283 
3957 
5476 
5511 
5878 
2373 
3824 
2741 
332 
3406 
2093 
9047 
5824 
4035 
3361 
6134 
2255 
7726 
8804 
1860 
5875 
4087 
4547 
1742 
7930 
5922 
2643 
730 
9679 
6138 
1452 
2514 
854 
2201 
1774 
749 
5660 
3948 
8464 
5279 
5268 
7753 
5984 
8261 
4629 
4932 
554 
8208 
5095 
974 
7240 
2558 
2855 
5716 
5102 
2351 
9016 
7458 
5925 
1854 
1033 
9038 
9721 
6974 
4106 
7141 
8719 
4603 
1306 
9459 
7707 
3352 
7445 
5510 
7993 
1465 
5950 
8869 
3171 
7181 
3758 
1187 
680 
2641 
8480 
3169 
5588 
5100 
408 
7024 
6392 
2128 
5994 
945 
2194 
163 
4281 
649 
3407 
5790 
2158 
574 
2314 
7109 
9978 
3226 
6363 
1271 
7633 
1767 
4880 
3513 
798 
7019 
6116 
5427 
6437 
4930 
7927 
5228 
9795 
5554 
1198 
6928 
8786 
5605 
4761 
2020 
4527 
7920 
7438 
4455 
8241 
7056 
3279 
2136 
9442 
9908 
2994 
2918 
2638 
4472 
983 
3968 
3910 
717 
6410 
8955 
1914 
3949 
8631 
8695 
3525 
2032 
3749 
8329 
2501 
4671 
2435 
8916 
1683 
9013 
8203 
4812 
4083 
8027 
5324 
4609 
6793 
7858 
7835 
9961 
6937 
4417 
3834 
8780 
3403 
2635 
955 
9426 
3411 
1186 
2987 
2125 
7977 
4903 
1356 
5538 
6219 
334 
3299 
1921 
4616 
2621 
1227 
4176 
2260 
9445 
267 
8549 
5989 
7652 
6441 
8834 
9620 
9404 
1239 
4097 
5688 
8259 
4096 
6930 
9559 
1300 
4710 
8654 
4618 
4266 
4875 
6118 
2111 
7310 
2749 
7138 
47 
490 
9753 
5369 
6733 
6684 
5722 
9608 
3729 
9017 
8092 
3211 
9808 
2302 
3863 
550 
2964 
3325 
2900 
1717 
6 
2705 
7658 
4406 
4337 
2834 
4367 
9498 
3306 
1011 
5458 
50 
6449 
7053 
7394 
1248 
9948 
8720 
1360 
4177 
6461 
1545 
3952 
8432 
5820 
6062 
4256 
9276 
3340 
3315 
2919 
1177 
1666 
4221 
173 
7877 
415 
7525 
8184 
1864 
9333 
4138 
5579 
4050 
8876 
1544 
3801 
1493 
7150 
1865 
8127 
2961 
6818 
9467 
9456 
2167 
5586 
2425 
5048 
6579 
7026 
7342 
4668 
1305 
1339 
9666 
3588 
326 
3924 
5702 
8694 
73 
4195 
1712 
4878 
3323 
3112 
2521 
5850 
6542 
3427 
1844 
9694 
8491 
4017 
6889 
9912 
6471 
5340 
384 
7647 
5657 
4688 
926 
6572 
7898 
4654 
8431 
8502 
6468 
3024 
3300 
1756 
8873 
9943 
2004 
1486 
9815 
3866 
9082 
9112 
190 
8440 
2209 
925 
463 
268 
6865 
9039 
63 
3693 
3836 
244 
2246 
4515 
7837 
491 
299 
7693 
1280 
1418 
9179 
5091 
6711 
6739 
7897 
3129 
3979 
4126 
2190 
7593 
1081 
1810 
6775 
144 
9468 
3387 
4264 
263 
2664 
5789 
437 
8540 
2554 
832 
2090 
1534 
2142 
4505 
4913 
3453 
6407 
6377 
7484 
1470 
9996 
4166 
6884 
5315 
8459 
5553 
2320 
3404 
5643 
4769 
4488 
5046 
1611 
2212 
7326 
1100 
844 
7702 
9381 
5468 
716 
8860 
5303 
4249 
3691 
5584 
221 
6074 
6192 
7050 
4745 
8455 
6007 
6235 
9045 
410 
4207 
7246 
1256 
3903 
5662 
5162 
2877 
5307 
6128 
5089 
3951 
9472 
2748 
9947 
3622 
9812 
7306 
9193 
6276 
3821 
2610 
3218 
9061 
135 
3005 
8614 
3584 
1963 
1164 
3434 
7364 
8187 
6161 
4099 
9401 
3254 
2421 
6697 
3675 
160 
948 
5638 
2578 
7807 
4681 
5734 
9659 
1887 
801 
1991 
5604 
4143 
8969 
4187 
4923 
8544 
9804 
1469 
9313 
7159 
6730 
4949 
1930 
1701 
7428 
3607 
600 
856 
9572 
8753 
1939 
4261 
5845 
525 
7980 
4120 
289 
9339 
4874 
2127 
5596 
8830 
9995 
7888 
8084 
4858 
3439 
2606 
7800 
9098 
1951 
7005 
3111 
7874 
3094 
4988 
1428 
9513 
211 
2195 
3159 
4149 
3331 
3973 
836 
1909 
6431 
6349 
5319 
5742 
9317 
1235 
1721 
807 
5371 
2465 
9036 
4290 
4549 
5322 
6248 
4678 
4336 
2589 
4356 
9235 
2505 
6309 
3263 
5425 
9142 
8257 
1873 
8809 
9582 
978 
3172 
5450 
9918 
1246 
1588 
1718 
8986 
2719 
7147 
2692 
4760 
7691 
9462 
8139 
4449 
1039 
4259 
1070 
3029 
8209 
4354 
2232 
4839 
4947 
3764 
4064 
6395 
1221 
3733 
5834 
369 
1238 
7708 
5552 
7792 
3851 
6953 
7530 
5870 
9371 
6705 
4890 
8854 
89 
6233 
3258 
8625 
1497 
9682 
1445 
5071 
8575 
868 
6098 
2055 
9761 
2898 
189 
8828 
3253 
1290 
4884 
2083 
6306 
8396 
8560 
893 
2602 
6709 
7703 
9516 
7210 
8824 
6162 
5452 
2119 
9279 
3143 
4061 
5058 
892 
6498 
397 
1091 
2636 
7777 
5209 
6417 
8000 
1584 
7736 
665 
8142 
718 
3081 
3576 
7197 
8973 
9936 
8678 
8437 
4122 
5998 
3960 
5999 
2266 
328 
6723 
2580 
3122 
3105 
3689 
4706 
9448 
757 
3518 
1645 
859 
6129 
6553 
8053 
9495 
9195 
3465 
2510 
9540 
5372 
6857 
9261 
3356 
243 
4178 
2620 
8198 
4374 
7959 
418 
6364 
7336 
2238 
8887 
194 
2283 
1152 
806 
6726 
1101 
9403 
2903 
2102 
3302 
1606 
7606 
6576 
1447 
7575 
5689 
8746 
6985 
2581 
1099 
745 
8533 
6283 
6035 
3073 
3449 
3240 
450 
2631 
4746 
6718 
4379 
9137 
8046 
8568 
4222 
7303 
8308 
9542 
7104 
5864 
7143 
1758 
7844 
224 
9902 
7719 
4640 
7964 
973 
9080 
6477 
4627 
787 
1225 
7630 
7946 
3330 
9145 
5632 
5993 
1521 
1647 
8902 
6285 
4429 
5197 
1344 
1018 
9975 
8967 
5053 
8490 
1546 
8394 
1585 
5339 
6993 
5335 
5687 
9190 
6069 
4 
5729 
851 
5433 
9811 
3367 
6403 
9159 
3879 
6101 
9473 
752